Name                          Stmts   Miss Branch BrPart  Cover   Missing
-------------------------------------------------------------------------
src\ugts36\__init__.py           17      0      0      0   100%
src\ugts36\bea_runtime.py        45      3      8      3    89%   38, 50, 144
src\ugts36\bea_synthetic.py     529     54    158     50    85%   50, 52, 54, 56, 59, 78, 82, 86, 88->93, 179, 181, 201, 203, 206, 209, 211, 224, 274->272, 279->281, 303, 315, 334, 380, 415, 425, 456, 507, 509, 530, 538-539, 548, 558, 568, 581, 610, 612, 614, 616, 674, 676, 691, 697, 749-753, 781, 802, 805, 807, 809, 816-817, 823, 860, 990
src\ugts36\canonical.py          22      0      0      0   100%
src\ugts36\geometry.py          104     22     42     13    73%   14, 16, 18, 31, 33, 35, 45-47, 52, 58, 60, 82, 112, 118, 128, 135, 152, 159-162
src\ugts36\model.py              68      5     22      5    89%   29, 31, 58, 80, 88
src\ugts36\phonetics_nl.py       80      2     14      1    97%   164, 175
src\ugts36\runtime.py            78     14     14      3    75%   35, 38, 46, 98-108
src\ugts36\sara363.py           395     39    134     37    86%   173, 175, 187, 189, 205, 241, 251, 255, 267, 269, 283, 286, 303, 309, 318, 336, 343, 381, 389, 391, 403, 405, 408, 412, 418, 420, 426, 430-431, 438, 444, 446, 462, 465, 468, 473, 475, 480, 484
src\ugts36\sara_runtime.py       26      0      0      0   100%
src\ugts36\sclp362.py           715     65    210     62    86%   44, 47, 74, 124, 176, 192, 216, 242, 257, 280, 294, 319, 323, 401, 403, 405, 451, 453, 496, 507-508, 510-511, 587, 589, 591, 600, 603, 605, 628->630, 636, 639, 642->657, 645, 651-652, 655->642, 681, 684, 686, 754, 756, 758, 760, 774, 776, 778, 826, 830, 832, 861, 892, 894, 896, 968, 990, 992, 994, 999, 1001, 1053, 1058, 1066, 1086, 1092, 1094, 1102, 1199
src\ugts36\sclp_runtime.py      194      3     10      3    97%   68, 71, 78
src\ugts36\topology.py           99     11     44     11    83%   28, 60, 65, 79, 85->88, 98, 104->108, 116, 118, 120, 134-137
-------------------------------------------------------------------------
TOTAL                          2372    218    656    188    86%
